10	300
0008	1	2
0008	1	3
0008	1	4
0008	1	5
0008	1	6
0008	1	7
0008	1	8
0008	1	9
0008	1	10
0012	1	2
0012	1	3
0012	1	4
0012	1	5
0012	1	6
0012	1	7
0012	1	8
0012	1	9
0003	1	2
0003	1	3
0003	1	4
0003	1	5
0003	1	6
0003	1	7
0003	1	8
0003	1	9
0003	1	10
0005	1	2
0005	1	3
0005	1	4
0005	1	5
0005	1	6
0005	1	7
0005	1	8
0014	1	2
0014	1	3
0014	1	4
0014	1	5
0014	1	6
0002	1	2
0002	1	3
0002	1	4
0002	1	5
0002	1	6
0009	1	2
0009	1	3
0009	1	4
0009	1	5
0011	1	2
0011	1	3
0011	1	4
0011	1	5
0011	1	6
0011	1	7
0011	1	8
0011	1	9
0011	1	10
0011	1	11
0011	1	12
0011	1	13
0004	1	2
0004	1	3
0004	1	4
0004	1	5
0004	1	6
0007	1	2
0007	1	3
0007	1	4
0007	1	5
0010	1	2
0010	1	3
0010	1	4
0010	1	5
0010	1	6
0010	1	7
0001	1	2
0001	1	3
0001	1	4
0001	1	5
0001	1	6
0001	1	7
0013	1	2
0013	1	3
0013	1	4
0013	1	5
0013	1	6
0006	1	2
0006	1	3
0006	1	4
0006	1	5
0006	1	6
0008	1	0012	1
0008	1	0012	2
0008	1	0012	3
0008	1	0012	4
0008	1	0012	5
0008	1	0012	6
0008	1	0012	7
0008	1	0012	8
0008	1	0012	9
0008	2	0012	1
0008	2	0012	2
0008	2	0012	3
0008	2	0012	4
0008	2	0012	5
0008	2	0012	6
0008	2	0012	7
0008	2	0012	8
0008	2	0012	9
0008	3	0012	1
0008	3	0012	2
0008	3	0012	3
0008	3	0012	4
0008	3	0012	5
0008	3	0012	6
0008	3	0012	7
0008	3	0012	8
0008	3	0012	9
0008	4	0012	1
0008	4	0012	2
0008	4	0012	3
0008	4	0012	4
0008	4	0012	5
0008	4	0012	6
0008	4	0012	7
0008	4	0012	8
0008	4	0012	9
0008	5	0012	1
0008	5	0012	2
0008	5	0012	3
0008	5	0012	4
0008	5	0012	5
0008	5	0012	6
0008	5	0012	7
0008	5	0012	8
0008	5	0012	9
0008	6	0012	1
0008	6	0012	2
0008	6	0012	3
0008	6	0012	4
0008	6	0012	5
0008	6	0012	6
0008	6	0012	7
0008	6	0012	8
0008	6	0012	9
0008	7	0012	1
0008	7	0012	2
0008	7	0012	3
0008	7	0012	4
0008	7	0012	5
0008	7	0012	6
0008	7	0012	7
0008	7	0012	8
0008	7	0012	9
0008	8	0012	1
0008	8	0012	2
0008	8	0012	3
0008	8	0012	4
0008	8	0012	5
0008	8	0012	6
0008	8	0012	7
0008	8	0012	8
0008	8	0012	9
0008	9	0012	1
0008	9	0012	2
0008	9	0012	3
0008	9	0012	4
0008	9	0012	5
0008	9	0012	6
0008	9	0012	7
0008	9	0012	8
0008	9	0012	9
0008	10	0012	1
0008	10	0012	2
0008	10	0012	3
0008	10	0012	4
0008	10	0012	5
0008	10	0012	6
0008	10	0012	7
0008	10	0012	8
0008	10	0012	9
0012	1	0003	1
0012	1	0003	2
0012	1	0003	3
0012	1	0003	4
0012	1	0003	5
0012	1	0003	6
0012	1	0003	7
0012	1	0003	8
0012	1	0003	9
0012	1	0003	10
0012	2	0003	1
0012	2	0003	2
0012	2	0003	3
0012	2	0003	4
0012	2	0003	5
0012	2	0003	6
0012	2	0003	7
0012	2	0003	8
0012	2	0003	9
0012	2	0003	10
0012	3	0003	1
0012	3	0003	2
0012	3	0003	3
0012	3	0003	4
0012	3	0003	5
0012	3	0003	6
0012	3	0003	7
0012	3	0003	8
0012	3	0003	9
0012	3	0003	10
0012	4	0003	1
0012	4	0003	2
0012	4	0003	3
0012	4	0003	4
0012	4	0003	5
0012	4	0003	6
0012	4	0003	7
0012	4	0003	8
0012	4	0003	9
0012	4	0003	10
0012	5	0003	1
0012	5	0003	2
0012	5	0003	3
0012	5	0003	4
0012	5	0003	5
0012	5	0003	6
0012	5	0003	7
0012	5	0003	8
0012	5	0003	9
0012	5	0003	10
0012	6	0003	1
0012	6	0003	2
0012	6	0003	3
0012	6	0003	4
0012	6	0003	5
0012	6	0003	6
0012	6	0003	7
0012	6	0003	8
0012	6	0003	9
0012	6	0003	10
0012	7	0003	1
0012	7	0003	2
0012	7	0003	3
0012	7	0003	4
0012	7	0003	5
0012	7	0003	6
0012	7	0003	7
0012	7	0003	8
0012	7	0003	9
0012	7	0003	10
0012	8	0003	1
0012	8	0003	2
0012	8	0003	3
0012	8	0003	4
0012	8	0003	5
0012	8	0003	6
0012	8	0003	7
0012	8	0003	8
0012	8	0003	9
0012	8	0003	10
0012	9	0003	1
0012	9	0003	2
0012	9	0003	3
0012	9	0003	4
0012	9	0003	5
0012	9	0003	6
0012	9	0003	7
0012	9	0003	8
0012	9	0003	9
0012	9	0003	10
0003	1	0005	1
0003	1	0005	2
0003	1	0005	3
0003	1	0005	4
0003	1	0005	5
0003	1	0005	6
0003	1	0005	7
0003	1	0005	8
0003	2	0005	1
0003	2	0005	2
0003	2	0005	3
0003	2	0005	4
0003	2	0005	5
0003	2	0005	6
0003	2	0005	7
0003	2	0005	8
0003	3	0005	1
0003	3	0005	2
0003	3	0005	3
0003	3	0005	4
0003	3	0005	5
0003	3	0005	6
0003	3	0005	7
0003	3	0005	8
0003	4	0005	1
0003	4	0005	2
0003	4	0005	3
0003	4	0005	4
0003	4	0005	5
0003	4	0005	6
0003	4	0005	7
0003	4	0005	8
0003	5	0005	1
0003	5	0005	2
0003	5	0005	3
0003	5	0005	4
0003	5	0005	5
0003	5	0005	6
0003	5	0005	7
0003	5	0005	8
0003	6	0005	1
0003	6	0005	2
0003	6	0005	3
0003	6	0005	4
0003	6	0005	5
0003	6	0005	6
0003	6	0005	7
0003	6	0005	8
0003	7	0005	1
0003	7	0005	2
0003	7	0005	3
0003	7	0005	4
0003	7	0005	5
0003	7	0005	6
0003	7	0005	7
0003	7	0005	8
0003	8	0005	1
0003	8	0005	2
0003	8	0005	3
0003	8	0005	4
0003	8	0005	5
0003	8	0005	6
0003	8	0005	7
0003	8	0005	8
0003	9	0005	1
0003	9	0005	2
0003	9	0005	3
0003	9	0005	4
0003	9	0005	5
0003	9	0005	6
0003	9	0005	7
0003	9	0005	8
0003	10	0005	1
0003	10	0005	2
0003	10	0005	3
0003	10	0005	4
0003	10	0005	5
0003	10	0005	6
0003	10	0005	7
0003	10	0005	8
0005	1	0014	1
0005	1	0014	2
0005	1	0014	3
0005	1	0014	4
0005	1	0014	5
0005	1	0014	6
0005	2	0014	1
0005	2	0014	2
0005	2	0014	3
0005	2	0014	4
0005	2	0014	5
0005	2	0014	6
0005	3	0014	1
0005	3	0014	2
0005	3	0014	3
0005	3	0014	4
0005	3	0014	5
0005	3	0014	6
0005	4	0014	1
0005	4	0014	2
0005	4	0014	3
0005	4	0014	4
0005	4	0014	5
0005	4	0014	6
0005	5	0014	1
0005	5	0014	2
0005	5	0014	3
0005	5	0014	4
0005	5	0014	5
0005	5	0014	6
0005	6	0014	1
0005	6	0014	2
0005	6	0014	3
0005	6	0014	4
0005	6	0014	5
0005	6	0014	6
0005	7	0014	1
0005	7	0014	2
0005	7	0014	3
0005	7	0014	4
0005	7	0014	5
0005	7	0014	6
0005	8	0014	1
0005	8	0014	2
0005	8	0014	3
0005	8	0014	4
0005	8	0014	5
0005	8	0014	6
0014	1	0002	1
0014	1	0002	2
0014	1	0002	3
0014	1	0002	4
0014	1	0002	5
0014	1	0002	6
0014	2	0002	1
0014	2	0002	2
0014	2	0002	3
0014	2	0002	4
0014	2	0002	5
0014	2	0002	6
0014	3	0002	1
0014	3	0002	2
0014	3	0002	3
0014	3	0002	4
0014	3	0002	5
0014	3	0002	6
0014	4	0002	1
0014	4	0002	2
0014	4	0002	3
0014	4	0002	4
0014	4	0002	5
0014	4	0002	6
0014	5	0002	1
0014	5	0002	2
0014	5	0002	3
0014	5	0002	4
0014	5	0002	5
0014	5	0002	6
0014	6	0002	1
0014	6	0002	2
0014	6	0002	3
0014	6	0002	4
0014	6	0002	5
0014	6	0002	6
0002	1	0009	1
0002	1	0009	2
0002	1	0009	3
0002	1	0009	4
0002	1	0009	5
0002	2	0009	1
0002	2	0009	2
0002	2	0009	3
0002	2	0009	4
0002	2	0009	5
0002	3	0009	1
0002	3	0009	2
0002	3	0009	3
0002	3	0009	4
0002	3	0009	5
0002	4	0009	1
0002	4	0009	2
0002	4	0009	3
0002	4	0009	4
0002	4	0009	5
0002	5	0009	1
0002	5	0009	2
0002	5	0009	3
0002	5	0009	4
0002	5	0009	5
0002	6	0009	1
0002	6	0009	2
0002	6	0009	3
0002	6	0009	4
0002	6	0009	5
0009	1	0011	1
0009	1	0011	2
0009	1	0011	3
0009	1	0011	4
0009	1	0011	5
0009	1	0011	6
0009	1	0011	7
0009	1	0011	8
0009	1	0011	9
0009	1	0011	10
0009	1	0011	11
0009	1	0011	12
0009	1	0011	13
0009	2	0011	1
0009	2	0011	2
0009	2	0011	3
0009	2	0011	4
0009	2	0011	5
0009	2	0011	6
0009	2	0011	7
0009	2	0011	8
0009	2	0011	9
0009	2	0011	10
0009	2	0011	11
0009	2	0011	12
0009	2	0011	13
0009	3	0011	1
0009	3	0011	2
0009	3	0011	3
0009	3	0011	4
0009	3	0011	5
0009	3	0011	6
0009	3	0011	7
0009	3	0011	8
0009	3	0011	9
0009	3	0011	10
0009	3	0011	11
0009	3	0011	12
0009	3	0011	13
0009	4	0011	1
0009	4	0011	2
0009	4	0011	3
0009	4	0011	4
0009	4	0011	5
0009	4	0011	6
0009	4	0011	7
0009	4	0011	8
0009	4	0011	9
0009	4	0011	10
0009	4	0011	11
0009	4	0011	12
0009	4	0011	13
0009	5	0011	1
0009	5	0011	2
0009	5	0011	3
0009	5	0011	4
0009	5	0011	5
0009	5	0011	6
0009	5	0011	7
0009	5	0011	8
0009	5	0011	9
0009	5	0011	10
0009	5	0011	11
0009	5	0011	12
0009	5	0011	13
0011	1	0004	1
0011	1	0004	2
0011	1	0004	3
0011	1	0004	4
0011	1	0004	5
0011	1	0004	6
0011	2	0004	1
0011	2	0004	2
0011	2	0004	3
0011	2	0004	4
0011	2	0004	5
0011	2	0004	6
0011	3	0004	1
0011	3	0004	2
0011	3	0004	3
0011	3	0004	4
0011	3	0004	5
0011	3	0004	6
0011	4	0004	1
0011	4	0004	2
0011	4	0004	3
0011	4	0004	4
0011	4	0004	5
0011	4	0004	6
0011	5	0004	1
0011	5	0004	2
0011	5	0004	3
0011	5	0004	4
0011	5	0004	5
0011	5	0004	6
0011	6	0004	1
0011	6	0004	2
0011	6	0004	3
0011	6	0004	4
0011	6	0004	5
0011	6	0004	6
0011	7	0004	1
0011	7	0004	2
0011	7	0004	3
0011	7	0004	4
0011	7	0004	5
0011	7	0004	6
0011	8	0004	1
0011	8	0004	2
0011	8	0004	3
0011	8	0004	4
0011	8	0004	5
0011	8	0004	6
0011	9	0004	1
0011	9	0004	2
0011	9	0004	3
0011	9	0004	4
0011	9	0004	5
0011	9	0004	6
0011	10	0004	1
0011	10	0004	2
0011	10	0004	3
0011	10	0004	4
0011	10	0004	5
0011	10	0004	6
0011	11	0004	1
0011	11	0004	2
0011	11	0004	3
0011	11	0004	4
0011	11	0004	5
0011	11	0004	6
0011	12	0004	1
0011	12	0004	2
0011	12	0004	3
0011	12	0004	4
0011	12	0004	5
0011	12	0004	6
0011	13	0004	1
0011	13	0004	2
0011	13	0004	3
0011	13	0004	4
0011	13	0004	5
0011	13	0004	6
0004	1	0007	1
0004	1	0007	2
0004	1	0007	3
0004	1	0007	4
0004	1	0007	5
0004	2	0007	1
0004	2	0007	2
0004	2	0007	3
0004	2	0007	4
0004	2	0007	5
0004	3	0007	1
0004	3	0007	2
0004	3	0007	3
0004	3	0007	4
0004	3	0007	5
0004	4	0007	1
0004	4	0007	2
0004	4	0007	3
0004	4	0007	4
0004	4	0007	5
0004	5	0007	1
0004	5	0007	2
0004	5	0007	3
0004	5	0007	4
0004	5	0007	5
0004	6	0007	1
0004	6	0007	2
0004	6	0007	3
0004	6	0007	4
0004	6	0007	5
0007	1	0010	1
0007	1	0010	2
0007	1	0010	3
0007	1	0010	4
0007	1	0010	5
0007	1	0010	6
0007	1	0010	7
0007	2	0010	1
0007	2	0010	2
0007	2	0010	3
0007	2	0010	4
0007	2	0010	5
0007	2	0010	6
0007	2	0010	7
0007	3	0010	1
0007	3	0010	2
0007	3	0010	3
0007	3	0010	4
0007	3	0010	5
0007	3	0010	6
0007	3	0010	7
0007	4	0010	1
0007	4	0010	2
0007	4	0010	3
0007	4	0010	4
0007	4	0010	5
0007	4	0010	6
0007	4	0010	7
0007	5	0010	1
0007	5	0010	2
0007	5	0010	3
0007	5	0010	4
0007	5	0010	5
0007	5	0010	6
0007	5	0010	7
0010	1	0001	1
0010	1	0001	2
0010	1	0001	3
0010	1	0001	4
0010	1	0001	5
0010	1	0001	6
0010	1	0001	7
0010	2	0001	1
0010	2	0001	2
0010	2	0001	3
0010	2	0001	4
0010	2	0001	5
0010	2	0001	6
0010	2	0001	7
0010	3	0001	1
0010	3	0001	2
0010	3	0001	3
0010	3	0001	4
0010	3	0001	5
0010	3	0001	6
0010	3	0001	7
0010	4	0001	1
0010	4	0001	2
0010	4	0001	3
0010	4	0001	4
0010	4	0001	5
0010	4	0001	6
0010	4	0001	7
0010	5	0001	1
0010	5	0001	2
0010	5	0001	3
0010	5	0001	4
0010	5	0001	5
0010	5	0001	6
0010	5	0001	7
0010	6	0001	1
0010	6	0001	2
0010	6	0001	3
0010	6	0001	4
0010	6	0001	5
0010	6	0001	6
0010	6	0001	7
0010	7	0001	1
0010	7	0001	2
0010	7	0001	3
0010	7	0001	4
0010	7	0001	5
0010	7	0001	6
0010	7	0001	7
0001	1	0013	1
0001	1	0013	2
0001	1	0013	3
0001	1	0013	4
0001	1	0013	5
0001	1	0013	6
0001	2	0013	1
0001	2	0013	2
0001	2	0013	3
0001	2	0013	4
0001	2	0013	5
0001	2	0013	6
0001	3	0013	1
0001	3	0013	2
0001	3	0013	3
0001	3	0013	4
0001	3	0013	5
0001	3	0013	6
0001	4	0013	1
0001	4	0013	2
0001	4	0013	3
0001	4	0013	4
0001	4	0013	5
0001	4	0013	6
0001	5	0013	1
0001	5	0013	2
0001	5	0013	3
0001	5	0013	4
0001	5	0013	5
0001	5	0013	6
0001	6	0013	1
0001	6	0013	2
0001	6	0013	3
0001	6	0013	4
0001	6	0013	5
0001	6	0013	6
0001	7	0013	1
0001	7	0013	2
0001	7	0013	3
0001	7	0013	4
0001	7	0013	5
0001	7	0013	6
0013	1	0006	1
0013	1	0006	2
0013	1	0006	3
0013	1	0006	4
0013	1	0006	5
0013	1	0006	6
0013	2	0006	1
0013	2	0006	2
0013	2	0006	3
0013	2	0006	4
0013	2	0006	5
0013	2	0006	6
0013	3	0006	1
0013	3	0006	2
0013	3	0006	3
0013	3	0006	4
0013	3	0006	5
0013	3	0006	6
0013	4	0006	1
0013	4	0006	2
0013	4	0006	3
0013	4	0006	4
0013	4	0006	5
0013	4	0006	6
0013	5	0006	1
0013	5	0006	2
0013	5	0006	3
0013	5	0006	4
0013	5	0006	5
0013	5	0006	6
0013	6	0006	1
0013	6	0006	2
0013	6	0006	3
0013	6	0006	4
0013	6	0006	5
0013	6	0006	6
